,0
0,1.5372343063354492
1,0.23090028762817383
2,0.29970216751098633
3,0.22177791595458984
4,0.23566150665283203
5,0.22203493118286133
6,0.2327742576599121
7,0.2061784267425537
8,0.23701119422912598
9,0.2192537784576416
10,0.22374844551086426
11,0.253997802734375
12,0.23898863792419434
13,0.23200631141662598
14,0.20557904243469238
15,0.20601701736450195
16,0.2360537052154541
17,0.22135090827941895
18,0.22277069091796875
19,0.23425841331481934
20,0.23374271392822266
21,0.2189772129058838
22,1.2305934429168701
23,0.22168660163879395
24,0.2202768325805664
25,0.23774933815002441
26,0.2369403839111328
27,0.22058677673339844
28,0.25075793266296387
29,0.23586034774780273
30,0.20642900466918945
31,0.23242592811584473
32,0.21783089637756348
33,0.218095064163208
34,0.20350098609924316
35,0.20552444458007812
36,0.2675778865814209
37,0.2344372272491455
38,0.2367551326751709
39,0.20399689674377441
40,0.21921420097351074
41,0.22076821327209473
42,0.23664140701293945
43,0.21859216690063477
44,0.22000885009765625
45,0.21677327156066895
46,0.21682310104370117
47,0.22006988525390625
48,0.2353804111480713
49,0.23995471000671387
50,0.2474193572998047
51,0.21653008460998535
52,0.21722912788391113
53,0.2340993881225586
54,0.21608757972717285
55,0.23237061500549316
56,0.341167688369751
57,0.2193751335144043
58,0.23476505279541016
59,0.2164616584777832
60,0.23591136932373047
61,0.2326371669769287
62,0.23360300064086914
63,0.2022705078125
64,0.23342418670654297
65,0.23560190200805664
66,0.2325608730316162
67,0.23230671882629395
68,0.21902036666870117
69,0.2345893383026123
70,0.23372888565063477
71,0.21755170822143555
72,0.23270153999328613
73,0.20234227180480957
74,0.23362135887145996
75,0.20174503326416016
76,0.21875572204589844
77,0.20262813568115234
78,0.23149561882019043
79,0.21725249290466309
80,0.28130674362182617
81,0.2341749668121338
82,0.21854472160339355
83,0.21655488014221191
84,0.21701383590698242
85,0.20277905464172363
86,0.21909832954406738
87,0.2343277931213379
88,0.2174384593963623
89,0.2168586254119873
90,0.2187654972076416
91,0.23428797721862793
92,0.21935606002807617
93,0.2176811695098877
94,0.20403695106506348
95,0.21640539169311523
96,0.21639037132263184
97,0.20439577102661133
98,0.2487468719482422
99,0.21677112579345703
